0.000000
0.481709
0.482885
0.481477
0.481103
0.479924
0.482020
0.480439
0.480122
0.479402
0.480062
0.481354
0.481554
0.482501
0.468966
0.481924
0.483102
0.482095
0.481260
0.480253
0.480396
0.481113
0.482923
0.479731
0.482289
0.482834
0.482747
0.482314
0.466180
0.481507
0.483203
0.481793
0.482626
0.479662
0.480725
0.479774
0.481241
0.479542
0.484058
0.481094
0.485438
0.480919
0.469606
0.482643
0.483074
0.482469
0.481806
0.481488
0.481516
0.479988
0.483068
0.481541
0.480993
0.481942
0.484447
0.483438
0.467796
0.482802
0.485308
0.482627
0.481849
0.481415
0.483460
0.482912
0.480807
0.480604
0.482649
0.480775
0.483916
0.482329
0.467770
0.484749
0.484892
0.483536
0.482526
0.483015
0.482985
0.483186
0.485002
0.481338
0.483616
0.482432
0.483556
0.484104
0.469821
0.483582
0.485976
0.482830
0.484994
0.481674
0.483722
0.481325
0.480891
0.479822
0.482910
0.484381
0.484987
0.486458
0.467949
0.483223
0.483482
0.483452
0.484231
0.482063
0.483651
0.483795
0.482667
0.482464
0.483994
0.484715
0.485841
0.484714
0.466073
0.482284
0.483815
0.484594
0.485143
0.484997
0.484216
0.481873
0.482826
0.482392
0.487104
0.483431
0.486235
0.484528
0.470500
0.485799
0.485942
0.483251
0.484552
0.483944
0.485592
0.485331
0.484780
0.483361
0.484142
0.483996
0.485876
0.484978
0.473660
0.485092
0.486684
0.485612
0.484829
0.482715
0.486449
0.482829
0.483841
0.483869
0.485519
0.483636
0.486792
0.485256
0.474102
0.483690
0.487600
0.486411
0.483890
0.482121
0.482845
0.483394
0.484697
0.484552
0.484812
0.486463
0.487651
0.486519
0.473849
0.483618
0.486720
0.483907
0.483413
0.484601
0.485847
0.484657
0.485323
0.483611
0.487004
0.485408
0.486654
0.485754
0.473189
0.487145
0.487696
0.486912
0.487985
0.485575
0.486474
0.484122
0.486937
0.483772
0.484322
0.487602
0.485482
0.487775
0.475665
0.485799
0.488499
0.487075
0.488149
